{"producer":{"name":"Blender","version":"3.4.1","exporter_version":"3.3.1","file":"base.babylon"},
"autoClear":true,"clearColor":[0.0509,0.0509,0.0509],"gravity":[0,-9.81,0],
"materials":[{"name":"Material","id":"Material","customType":"BABYLON.PBRMaterial","albedo":[0.8,0.8,0.8],"emissive":[0,0,0],"reflectivity":[0.5,0.5,0.5],"roughness":0.5,"metallic":0}],
"skeletons":[{"name":"Character","id":0,"dimensionsAtRest":[140.6104,167.7074,27.7868],"bones":[
{"name":"mixamorig:Hips","index":0,"matrix":[1,0,0,0,0,1,0,0,0,0,-1,0,0.0001,69.749,0.3942,1],"rest":[1,0,0,0,0,1,0,0,0,0,-1,0,0.001,69.7715,0.8545,1],"parentBoneIndex":-1,"length":7.3051
,"animation":
{"name":"anim","property":"_matrix","dataType":3,"framePerSecond":30,"loopBehavior":1,"keys":[
{"frame":1,"values":[0.7303,0.0032,-0.6831,0,0.0506,0.997,0.0588,0,-0.6812,0.0775,-0.728,0,0.4544,64.8218,1.8748,1]},
{"frame":2,"values":[0.7294,-0.0004,-0.6841,0,0.0421,0.9981,0.0443,0,-0.6828,0.0611,-0.728,0,0.7271,64.7685,1.9255,1]},
{"frame":3,"values":[0.7215,-0.0009,-0.6924,0,0.0149,0.9998,0.0143,0,-0.6923,0.0206,-0.7214,0,1.5887,64.1394,2.1734,1]},
{"frame":4,"values":[0.6986,-0.0081,-0.7155,0,-0.0306,0.9987,-0.0412,0,-0.7149,-0.0507,-0.6974,0,2.8336,62.6554,2.5233,1]},
{"frame":5,"values":[0.6672,-0.0254,-0.7445,0,-0.0862,0.9901,-0.111,0,-0.7399,-0.1382,-0.6584,0,4.3529,60.101,2.9521,1]},
{"frame":6,"values":[0.6316,-0.0521,-0.7735,0,-0.1426,0.9729,-0.1819,0,-0.7621,-0.2252,-0.6071,0,5.9491,56.4335,3.4332,1]},
{"frame":7,"values":[0.6058,-0.0742,-0.7921,0,-0.195,0.9514,-0.2382,0,-0.7713,-0.2988,-0.562,0,7.3403,51.8577,3.8905,1]},
{"frame":8,"values":[0.6013,-0.0633,-0.7965,0,-0.2338,0.9393,-0.2512,0,-0.7641,-0.3373,-0.5499,0,8.4476,46.9567,4.1682,1]},
{"frame":9,"values":[0.6008,-0.0291,-0.7989,0,-0.2551,0.9401,-0.2262,0,-0.7576,-0.3397,-0.5574,0,9.0258,42.7442,4.1523,1]},
{"frame":10,"values":[0.6037,-0.0074,-0.7972,0,-0.2373,0.953,-0.1885,0,-0.7611,-0.3029,-0.5736,0,9.0271,40.1031,4.0373,1]},
{"frame":11,"values":[0.6221,0.0009,-0.783,0,-0.1719,0.9758,-0.1354,0,-0.7639,-0.2188,-0.6071,0,8.5046,39.2575,3.9557,1]},
{"frame":12,"values":[0.6492,0.0096,-0.7606,0,-0.102,0.992,-0.0746,0,-0.7538,-0.126,-0.6449,0,7.2588,40.5882,3.9791,1]},
{"frame":13,"values":[0.6897,0.019,-0.7239,0,-0.0487,0.9986,-0.0202,0,-0.7225,-0.0492,-0.6896,0,5.4354,44.018,4.3594,1]},
{"frame":14,"values":[0.7303,0.0205,-0.6828,0,0.008,0.9992,0.0386,0,-0.683,0.0336,-0.7296,0,3.2894,49.112,4.7693,1]},
{"frame":15,"values":[0.7609,0.0341,-0.648,0,0.064,0.9898,0.1272,0,-0.6458,0.1382,-0.7509,0,0.7181,55.925,4.5897,1]},
{"frame":16,"values":[0.7776,0.0518,-0.6266,0,0.0927,0.9763,0.1957,0,-0.6219,0.2102,-0.7543,0,-2.1922,64.4266,3.7808,1]},
{"frame":17,"values":[0.7664,0.0642,-0.6392,0,0.0881,0.9751,0.2035,0,-0.6363,0.2123,-0.7416,0,-4.9213,72.096,3.2543,1]},
{"frame":18,"values":[0.768,0.094,-0.6335,0,0.0439,0.9791,0.1986,0,-0.6389,0.1804,-0.7478,0,-5.6197,80.8682,3.3721,1]},
{"frame":19,"values":[0.7814,0.1353,-0.6091,0,-0.0243,0.9821,0.1869,0,-0.6235,0.1312,-0.7707,0,-4.7354,89.0849,3.9352,1]},
{"frame":20,"values":[0.7723,0.1677,-0.6128,0,-0.1027,0.9848,0.1401,0,-0.6269,0.0453,-0.7778,0,-3.3338,96.0341,4.5295,1]},
{"frame":21,"values":[0.7615,0.2089,-0.6136,0,-0.1654,0.9779,0.1278,0,-0.6267,-0.0042,-0.7792,0,-2.3595,101.5934,5.3503,1]},
{"frame":22,"values":[0.7537,0.228,-0.6164,0,-0.1758,0.9737,0.1453,0,-0.6333,0.0011,-0.7739,0,-1.9894,105.719,6.2282,1]},
{"frame":23,"values":[0.7572,0.2318,-0.6107,0,-0.1368,0.9705,0.1988,0,-0.6387,0.067,-0.7665,0,-1.9752,108.3053,6.8967,1]},
{"frame":24,"values":[0.7748,0.2476,-0.5816,0,-0.0904,0.9541,0.2856,0,-0.6257,0.1687,-0.7616,0,-2.4042,109.0635,7.329,1]},
{"frame":25,"values":[0.7998,0.248,-0.5467,0,-0.0425,0.9318,0.3604,0,-0.5988,0.265,-0.7558,0,-3.0008,108.0923,7.5291,1]},
{"frame":26,"values":[0.821,0.2278,-0.5235,0,-0.0117,0.9235,0.3835,0,-0.5708,0.3087,-0.7608,0,-3.3735,106.1791,7.5896,1]},
{"frame":27,"values":[0.8354,0.2109,-0.5075,0,-0.0125,0.9305,0.366,0,-0.5494,0.2994,-0.7801,0,-3.3598,104.0744,7.2627,1]},
{"frame":28,"values":[0.8469,0.1979,-0.4936,0,-0.0334,0.9461,0.322,0,-0.5307,0.2562,-0.8079,0,-3.1112,101.5283,6.4925,1]},
{"frame":29,"values":[0.856,0.1844,-0.483,0,-0.0637,0.9647,0.2555,0,-0.5131,0.1879,-0.8375,0,-2.8718,98.4774,5.3865,1]},
{"frame":30,"values":[0.8657,0.1589,-0.4748,0,-0.0864,0.9815,0.1709,0,-0.4931,0.1069,-0.8634,0,-2.7869,94.4105,3.8856,1]},
{"frame":31,"values":[0.8866,0.1243,-0.4455,0,-0.0921,0.9914,0.0934,0,-0.4532,0.0418,-0.8904,0,-2.85,88.4763,1.7848,1]},
{"frame":32,"values":[0.9193,0.0958,-0.3818,0,-0.0803,0.9952,0.0563,0,-0.3853,0.0211,-0.9225,0,-3.0223,81.3383,-0.3512,1]},
{"frame":33,"values":[0.9468,0.0617,-0.316,0,-0.0491,0.9977,0.0477,0,-0.3182,0.0296,-0.9476,0,-3.108,72.9353,-2.0074,1]},
{"frame":34,"values":[0.968,0.0363,-0.2484,0,-0.033,0.9993,0.0173,0,-0.2489,0.0085,-0.9685,0,-3.2805,64.1044,-2.492,1]},
{"frame":35,"values":[0.9788,0.0618,-0.1954,0,-0.0749,0.9954,-0.0603,0,-0.1908,-0.0737,-0.9789,0,-3.4156,56.2121,-1.7888,1]},
{"frame":36,"values":[0.9682,0.1229,-0.2181,0,-0.1514,0.9813,-0.1191,0,-0.1993,-0.1483,-0.9686,0,-2.994,50.4802,-1.3251,1]},
{"frame":37,"values":[0.9484,0.1805,-0.2605,0,-0.2289,0.9586,-0.1691,0,-0.2192,-0.22,-0.9505,0,-2.3074,47.1377,-0.9818,1]},
{"frame":38,"values":[0.9313,0.2153,-0.2937,0,-0.2795,0.9396,-0.1976,0,-0.2334,-0.2661,-0.9353,0,-1.497,44.6363,-0.5912,1]},
{"frame":39,"values":[0.9137,0.2272,-0.3369,0,-0.3043,0.932,-0.1968,0,-0.2693,-0.2823,-0.9207,0,-0.7286,43.0576,-0.2414,1]},
{"frame":40,"values":[0.8936,0.2336,-0.3833,0,-0.3243,0.9264,-0.1913,0,-0.3104,-0.2953,-0.9036,0,-0.1638,42.4378,-0.0369,1]},
{"frame":41,"values":[0.8814,0.2255,-0.4152,0,-0.3222,0.9295,-0.1793,0,-0.3455,-0.2918,-0.8919,0,0.1733,42.801,0.0978,1]},
{"frame":42,"values":[0.8731,0.2043,-0.4427,0,-0.2992,0.9414,-0.1556,0,-0.3849,-0.2683,-0.8831,0,0.3021,44.2192,0.2863,1]},
{"frame":43,"values":[0.8665,0.1776,-0.4664,0,-0.2711,0.9522,-0.1411,0,-0.4191,-0.2487,-0.8732,0,0.2134,46.5029,0.4402,1]},
{"frame":44,"values":[0.8616,0.1436,-0.4869,0,-0.2359,0.9626,-0.1336,0,-0.4494,-0.2299,-0.8632,0,-0.0216,49.3551,0.576,1]},
{"frame":45,"values":[0.8502,0.1151,-0.5137,0,-0.2016,0.9726,-0.1158,0,-0.4863,-0.202,-0.8501,0,-0.2174,52.5012,0.7776,1]},
{"frame":46,"values":[0.8337,0.0924,-0.5445,0,-0.1725,0.9802,-0.0977,0,-0.5246,-0.1753,-0.8331,0,-0.3012,55.6796,0.9913,1]},
{"frame":47,"values":[0.8172,0.0691,-0.5722,0,-0.1417,0.9864,-0.0832,0,-0.5587,-0.1491,-0.8159,0,-0.2789,58.5879,1.1945,1]},
{"frame":48,"values":[0.7997,0.0496,-0.5983,0,-0.1103,0.9918,-0.0653,0,-0.5901,-0.1182,-0.7986,0,-0.2196,60.9857,1.3656,1]},
{"frame":49,"values":[0.7819,0.0332,-0.6226,0,-0.078,0.9959,-0.0449,0,-0.6186,-0.0836,-0.7813,0,-0.1625,62.7307,1.4949,1]},
{"frame":50,"values":[0.7659,0.0187,-0.6427,0,-0.0436,0.9988,-0.023,0,-0.6415,-0.0456,-0.7658,0,-0.0704,63.8565,1.6358,1]},
{"frame":51,"values":[0.7516,0.01,-0.6596,0,-0.0117,0.9999,0.0018,0,-0.6595,-0.0064,-0.7516,0,0.0677,64.4845,1.7631,1]},
{"frame":52,"values":[0.7421,0.0069,-0.6703,0,0.0093,0.9997,0.0206,0,-0.6702,0.0215,-0.7418,0,0.1866,64.7046,1.8284,1]},
{"frame":53,"values":[0.7374,0.0058,-0.6754,0,0.0206,0.9993,0.0311,0,-0.6751,0.0368,-0.7368,0,0.2584,64.7713,1.8565,1]},
{"frame":54,"values":[0.7349,0.0053,-0.6781,0,0.0274,0.9989,0.0375,0,-0.6776,0.0461,-0.734,0,0.3036,64.7977,1.8711,1]},
{"frame":55,"values":[0.7326,0.0047,-0.6807,0,0.0351,0.9984,0.0446,0,-0.6798,0.0566,-0.7312,0,0.3569,64.8143,1.8836,1]},
{"frame":56,"values":[0.7309,0.0042,-0.6825,0,0.0418,0.9978,0.0508,0,-0.6812,0.0657,-0.7291,0,0.403,64.8221,1.8906,1]},
{"frame":57,"values":[0.7303,0.0038,-0.6831,0,0.046,0.9974,0.0546,0,-0.6816,0.0713,-0.7283,0,0.4297,64.8225,1.8884,1]},
{"frame":58,"values":[0.7303,0.0032,-0.6831,0,0.0506,0.997,0.0588,0,-0.6813,0.0775,-0.7279,0,0.4544,64.8216,1.8745,1]},
{"frame":71,"values":[0.9711,-0.0202,-0.238,0,-0.056,0.9495,-0.3089,0,-0.2322,-0.3132,-0.9208,0,0.1397,65.1036,0.9859,1]},
{"frame":72,"values":[0.9719,0.081,-0.2209,0,-0.1461,0.9437,-0.2969,0,-0.1845,-0.3208,-0.929,0,0.2375,64.282,-10.7838,1]},
{"frame":73,"values":[0.9641,0.2223,-0.1452,0,-0.2566,0.9204,-0.2949,0,-0.0681,-0.3216,-0.9444,0,-0.2789,62.982,-22.5972,1]},
{"frame":74,"values":[0.9764,0.2062,-0.0649,0,-0.216,0.919,-0.3297,0,0.0083,-0.3359,-0.9419,0,-0.8143,63.3647,-35.6348,1]},
{"frame":75,"values":[0.9942,0.1068,0.0095,0,-0.0982,0.9424,-0.3198,0,0.0431,-0.317,-0.9474,0,-1.0959,64.7608,-49.5861,1]},
{"frame":76,"values":[0.9965,0.0644,0.0532,0,-0.0463,0.9555,-0.2913,0,0.0696,-0.2878,-0.9552,0,-1.1503,65.3964,-62.8322,1]},
{"frame":77,"values":[0.9944,0.0722,0.0772,0,-0.0464,0.9542,-0.2956,0,0.095,-0.2903,-0.9522,0,-1.0726,65.3459,-75.5097,1]},
{"frame":78,"values":[0.9877,0.0755,0.1371,0,-0.0291,0.9493,-0.3131,0,0.1538,-0.3053,-0.9398,0,-1.0033,65.0735,-87.1848,1]},
{"frame":79,"values":[0.9863,0.0053,0.1647,0,0.0435,0.9557,-0.2911,0,0.1589,-0.2943,-0.9424,0,-0.7801,65.2275,-98.8782,1]},
{"frame":80,"values":[0.9833,-0.1492,0.1038,0,0.172,0.9484,-0.2664,0,0.0587,-0.2798,-0.9583,0,-0.2264,65.0777,-111.5887,1]},
{"frame":81,"values":[0.9645,-0.2603,0.0443,0,0.2614,0.9176,-0.2996,0,-0.0373,-0.3005,-0.953,0,0.3401,64.1607,-124.3583,1]},
{"frame":82,"values":[0.981,-0.1935,-0.0113,0,0.1785,0.9246,-0.3366,0,-0.0756,-0.3281,-0.9416,0,0.7636,65.0106,-138.5934,1]},
{"frame":83,"values":[0.994,-0.0961,-0.0527,0,0.075,0.947,-0.3123,0,-0.0799,-0.3065,-0.9485,0,1.2036,65.3427,-152.8329,1]},
{"frame":84,"values":[0.9951,-0.0406,-0.0902,0,0.0139,0.9604,-0.2783,0,-0.0979,-0.2756,-0.9563,0,1.3683,65.6652,-167.0907,1]},
{"frame":85,"values":[0.992,-0.0456,-0.1178,0,0.0101,0.9582,-0.2858,0,-0.126,-0.2823,-0.951,0,1.0574,65.1301,-180.612,1]},
{"frame":86,"values":[0.9796,-0.0665,-0.1895,0,0.004,0.9498,-0.3129,0,-0.2008,-0.3057,-0.9307,0,0.5194,64.7616,-193.4858,1]},
{"frame":87,"values":[0.9711,-0.0202,-0.238,0,-0.056,0.9495,-0.3089,0,-0.2322,-0.3132,-0.9208,0,0.1397,65.1036,-206.1118,1]},
{"frame":101,"values":[1,0,0,0,0,1,0,0,0,0,-1,0,0.0001,69.749,0.3942,1]},
{"frame":102,"values":[1,0,0,0,0,1,0,0,0,0,-1,0,0.0001,69.749,0.3942,1]}]}},
{"name":"mixamorig:Spine","index":1,"matrix":[1,0,0,0,0,0.9991,-0.0414,0,0,0.0414,0.9991,0,0,3.9624,-0.2743,1],"rest":[1,0,0,0,0,0.9991,-0.0414,0,0,0.0414,0.9991,0,0,3.9624,-0.2743,1],"parentBoneIndex":0,"length":14.1258
,"animation":
{"name":"anim","property":"_matrix","dataType":3,"framePerSecond":30,"loopBehavior":1,"keys":[
{"frame":1,"values":[0.9966,-0.0142,-0.081,0,0.019,0.9981,0.0588,0,0.08,-0.0602,0.995,0,0,3.9624,-0.2743,1]},
{"frame":2,"values":[0.997,-0.0146,-0.0755,0,0.0191,0.9981,0.059,0,0.0745,-0.0603,0.9954,0,0,3.9624,-0.2743,1]},
{"frame":3,"values":[0.9976,-0.0143,-0.0671,0,0.0184,0.9979,0.0615,0,0.0661,-0.0626,0.9958,0,0,3.9624,-0.2743,1]},
{"frame":4,"values":[0.9981,-0.013,-0.0606,0,0.0169,0.9978,0.0645,0,0.0597,-0.0654,0.9961,0,0,3.9624,-0.2743,1]},
{"frame":5,"values":[0.9985,-0.0096,-0.0543,0,0.0133,0.9975,0.0696,0,0.0535,-0.0702,0.9961,0,0,3.9624,-0.2743,1]},
{"frame":6,"values":[0.9989,-0.0055,-0.0457,0,0.009,0.997,0.0768,0,0.0452,-0.0772,0.996,0,0,3.9624,-0.2743,1]},
{"frame":7,"values":[0.9995,-0.0025,-0.0319,0,0.0053,0.9963,0.0855,0,0.0316,-0.0856,0.9958,0,0,3.9624,-0.2743,1]},
{"frame":8,"values":[0.9999,-0.0004,-0.0166,0,0.002,0.9952,0.0979,0,0.0165,-0.0979,0.9951,0,0,3.9624,-0.2743,1]},
{"frame":9,"values":[1,-0.0003,-0.0078,0,0.0011,0.9941,0.1083,0,0.0078,-0.1083,0.9941,0,0,3.9624,-0.2743,1]},
{"frame":10,"values":[1,-0.0004,-0.0038,0,0.0009,0.9935,0.1138,0,0.0037,-0.1138,0.9935,0,0,3.9624,-0.2743,1]},
{"frame":11,"values":[1,0.0026,-0.0008,0,-0.0025,0.993,0.1182,0,0.0011,-0.1182,0.993,0,0,3.9624,-0.2743,1]},
{"frame":12,"values":[1,0.0043,-0.0049,0,-0.0037,0.9935,0.1134,0,0.0054,-0.1134,0.9935,0,0,3.9624,-0.2743,1]},
{"frame":13,"values":[1,0.0031,-0.0083,0,-0.0022,0.9951,0.0988,0,0.0086,-0.0988,0.9951,0,0,3.9624,-0.2743,1]},
{"frame":14,"values":[0.9999,0.0031,-0.0096,0,-0.0023,0.9961,0.088,0,0.0099,-0.088,0.9961,0,0,3.9624,-0.2743,1]},
{"frame":15,"values":[0.9998,-0.0007,-0.0176,0,0.0021,0.9967,0.0816,0,0.0175,-0.0816,0.9965,0,0,3.9624,-0.2743,1]},
{"frame":16,"values":[0.9996,-0.0088,-0.0274,0,0.0106,0.9978,0.0658,0,0.0268,-0.066,0.9975,0,0,3.9624,-0.2743,1]},
{"frame":17,"values":[0.9993,-0.017,-0.0339,0,0.0186,0.9987,0.0479,0,0.033,-0.0485,0.9983,0,0,3.9624,-0.2743,1]},
{"frame":18,"values":[0.999,-0.0228,-0.0376,0,0.0245,0.9986,0.047,0,0.0365,-0.0479,0.9982,0,0,3.9624,-0.2743,1]},
{"frame":19,"values":[0.9988,-0.0298,-0.0387,0,0.032,0.9979,0.0567,0,0.0369,-0.0578,0.9976,0,0,3.9624,-0.2743,1]},
{"frame":20,"values":[0.9987,-0.0355,-0.0359,0,0.0379,0.9969,0.0688,0,0.0334,-0.07,0.997,0,0,3.9624,-0.2743,1]},
{"frame":21,"values":[0.9986,-0.0441,-0.029,0,0.0465,0.9952,0.0857,0,0.025,-0.087,0.9959,0,0,3.9624,-0.2743,1]},
{"frame":22,"values":[0.9985,-0.0517,-0.0194,0,0.0535,0.9926,0.1094,0,0.0136,-0.1102,0.9938,0,0,3.9624,-0.2743,1]},
{"frame":23,"values":[0.9982,-0.0584,-0.0136,0,0.0598,0.9879,0.1434,0,0.0051,-0.1439,0.9896,0,0,3.9624,-0.2743,1]},
{"frame":24,"values":[0.9979,-0.0634,-0.0117,0,0.0645,0.9816,0.1795,0,0.0001,-0.1799,0.9837,0,0,3.9624,-0.2743,1]},
{"frame":25,"values":[0.998,-0.063,-0.0099,0,0.0637,0.9765,0.2061,0,-0.0034,-0.2063,0.9785,0,0,3.9624,-0.2743,1]},
{"frame":26,"values":[0.9983,-0.0584,-0.0062,0,0.0583,0.9749,0.2149,0,-0.0065,-0.2149,0.9766,0,0,3.9624,-0.2743,1]},
{"frame":27,"values":[0.9987,-0.0513,-0.0023,0,0.0506,0.9769,0.2077,0,-0.0084,-0.2076,0.9782,0,0,3.9624,-0.2743,1]},
{"frame":28,"values":[0.9991,-0.0427,0.0019,0,0.0416,0.981,0.1894,0,-0.0099,-0.1891,0.9819,0,0,3.9624,-0.2743,1]},
{"frame":29,"values":[0.9994,-0.0341,0.0083,0,0.0323,0.9862,0.1622,0,-0.0137,-0.1619,0.9867,0,0,3.9624,-0.2743,1]},
{"frame":30,"values":[0.9996,-0.0257,0.0144,0,0.0237,0.9914,0.1288,0,-0.0176,-0.1284,0.9916,0,0,3.9624,-0.2743,1]},
{"frame":31,"values":[0.9997,-0.0181,0.014,0,0.0167,0.9953,0.0957,0,-0.0157,-0.0954,0.9953,0,0,3.9624,-0.2743,1]},
{"frame":32,"values":[0.9999,-0.0125,0.0104,0,0.0117,0.9974,0.0713,0,-0.0112,-0.0711,0.9974,0,0,3.9624,-0.2743,1]},
{"frame":33,"values":[0.9999,-0.0081,0.0065,0,0.0077,0.9985,0.0541,0,-0.0069,-0.0541,0.9985,0,0,3.9624,-0.2743,1]},
{"frame":34,"values":[1,-0.0063,0.0047,0,0.006,0.9987,0.0506,0,-0.005,-0.0505,0.9987,0,0,3.9624,-0.2743,1]},
{"frame":35,"values":[1,-0.0056,0.003,0,0.0054,0.9982,0.0592,0,-0.0033,-0.0592,0.9982,0,0,3.9624,-0.2743,1]},
{"frame":36,"values":[1,-0.0057,-0.0027,0,0.0059,0.9969,0.0779,0,0.0022,-0.0779,0.997,0,0,3.9624,-0.2743,1]},
{"frame":37,"values":[1,-0.0035,-0.0034,0,0.0038,0.995,0.0995,0,0.003,-0.0995,0.995,0,0,3.9624,-0.2743,1]},
{"frame":38,"values":[1,0.0051,-0.0043,0,-0.0045,0.9923,0.1239,0,0.0049,-0.1239,0.9923,0,0,3.9624,-0.2743,1]},
{"frame":39,"values":[0.9999,0.0152,-0.0063,0,-0.0141,0.9889,0.1481,0,0.0085,-0.1479,0.989,0,0,3.9624,-0.2743,1]},
{"frame":40,"values":[0.9997,0.0248,-0.0072,0,-0.0233,0.986,0.1651,0,0.0112,-0.1649,0.9862,0,0,3.9624,-0.2743,1]},
{"frame":41,"values":[0.9994,0.0344,-0.0104,0,-0.032,0.9833,0.1789,0,0.0164,-0.1785,0.9838,0,0,3.9624,-0.2743,1]},
{"frame":42,"values":[0.9991,0.0406,-0.0156,0,-0.037,0.9814,0.1883,0,0.023,-0.1876,0.982,0,0,3.9624,-0.2743,1]},
{"frame":43,"values":[0.9989,0.0432,-0.0207,0,-0.0386,0.9818,0.1862,0,0.0284,-0.1852,0.9823,0,0,3.9624,-0.2743,1]},
{"frame":44,"values":[0.9987,0.044,-0.027,0,-0.0386,0.9836,0.176,0,0.0343,-0.1748,0.984,0,0,3.9624,-0.2743,1]},
{"frame":45,"values":[0.9986,0.0401,-0.0338,0,-0.034,0.9861,0.1627,0,0.0399,-0.1613,0.9861,0,0,3.9624,-0.2743,1]},
{"frame":46,"values":[0.9986,0.0338,-0.0403,0,-0.0275,0.9888,0.147,0,0.0448,-0.1457,0.9883,0,0,3.9624,-0.2743,1]},
{"frame":47,"values":[0.9985,0.0279,-0.0474,0,-0.0215,0.9911,0.1316,0,0.0507,-0.1304,0.9902,0,0,3.9624,-0.2743,1]},
{"frame":48,"values":[0.9982,0.0216,-0.0553,0,-0.0149,0.9928,0.1186,0,0.0575,-0.1175,0.9914,0,0,3.9624,-0.2743,1]},
{"frame":49,"values":[0.9979,0.0152,-0.0629,0,-0.0084,0.9943,0.1059,0,0.0642,-0.1051,0.9924,0,0,3.9624,-0.2743,1]},
{"frame":50,"values":[0.9976,0.0089,-0.069,0,-0.0025,0.9957,0.0922,0,0.0695,-0.0918,0.9933,0,0,3.9624,-0.2743,1]},
{"frame":51,"values":[0.9973,0.0026,-0.0739,0,0.0033,0.9968,0.0796,0,0.0739,-0.0796,0.9941,0,0,3.9624,-0.2743,1]},
{"frame":52,"values":[0.997,-0.0026,-0.0775,0,0.0082,0.9974,0.0715,0,0.0771,-0.0719,0.9944,0,0,3.9624,-0.2743,1]},
{"frame":53,"values":[0.9968,-0.0064,-0.0794,0,0.0118,0.9977,0.0673,0,0.0787,-0.0681,0.9946,0,0,3.9624,-0.2743,1]},
{"frame":54,"values":[0.9967,-0.0092,-0.0803,0,0.0145,0.9978,0.065,0,0.0795,-0.0659,0.9947,0,0,3.9624,-0.2743,1]},
{"frame":55,"values":[0.9967,-0.0115,-0.0808,0,0.0166,0.9979,0.0627,0,0.0799,-0.0638,0.9948,0,0,3.9624,-0.2743,1]},
{"frame":56,"values":[0.9966,-0.0132,-0.0811,0,0.0182,0.998,0.0607,0,0.0802,-0.0619,0.9949,0,0,3.9624,-0.2743,1]},
{"frame":57,"values":[0.9966,-0.0141,-0.0812,0,0.019,0.998,0.0595,0,0.0803,-0.0608,0.9949,0,0,3.9624,-0.2743,1]},
{"frame":58,"values":[0.9966,-0.0142,-0.081,0,0.019,0.9981,0.0588,0,0.08,-0.0602,0.995,0,0,3.9624,-0.2743,1]},
{"frame":71,"values":[0.9935,-0.0271,-0.1109,0,0.0345,0.9972,0.0656,0,0.1088,-0.069,0.9917,0,0,3.9624,-0.2743,1]},
{"frame":72,"values":[0.979,-0.1079,-0.1729,0,0.1173,0.992,0.0455,0,0.1666,-0.0649,0.9839,0,0,3.9624,-0.2743,1]},
{"frame":73,"values":[0.9489,-0.2248,-0.2217,0,0.2407,0.9695,0.0471,0,0.2043,-0.098,0.974,0,0,3.9624,-0.2743,1]},
{"frame":74,"values":[0.9501,-0.2137,-0.2274,0,0.2279,0.973,0.0379,0,0.2131,-0.0878,0.9731,0,0,3.9624,-0.2743,1]},
{"frame":75,"values":[0.9766,-0.1305,-0.1708,0,0.1414,0.9885,0.0528,0,0.1619,-0.0757,0.9839,0,0,3.9624,-0.2743,1]},
{"frame":76,"values":[0.9918,-0.099,-0.0814,0,0.1053,0.9915,0.0767,0,0.0731,-0.0846,0.9937,0,0,3.9624,-0.2743,1]},
{"frame":77,"values":[0.9944,-0.1058,0.0034,0,0.1054,0.9924,0.0634,0,-0.0101,-0.0627,0.998,0,0,3.9624,-0.2743,1]},
{"frame":78,"values":[0.9937,-0.0809,0.0781,0,0.077,0.9956,0.0526,0,-0.082,-0.0463,0.9956,0,0,3.9624,-0.2743,1]},
{"frame":79,"values":[0.992,-0.0039,0.1262,0,-0.0059,0.997,0.0774,0,-0.1261,-0.0776,0.989,0,0,3.9624,-0.2743,1]},
{"frame":80,"values":[0.9788,0.1195,0.1663,0,-0.1365,0.9861,0.0946,0,-0.1527,-0.1153,0.9815,0,0,3.9624,-0.2743,1]},
{"frame":81,"values":[0.9521,0.2248,0.2073,0,-0.246,0.9657,0.0826,0,-0.1816,-0.1297,0.9748,0,0,3.9624,-0.2743,1]},
{"frame":82,"values":[0.9646,0.1779,0.1947,0,-0.1942,0.9786,0.0676,0,-0.1785,-0.103,0.9785,0,0,3.9624,-0.2743,1]},
{"frame":83,"values":[0.9834,0.0968,0.1533,0,-0.1126,0.9888,0.0978,0,-0.1421,-0.1135,0.9833,0,0,3.9624,-0.2743,1]},
{"frame":84,"values":[0.9935,0.0525,0.1009,0,-0.0645,0.9907,0.1196,0,-0.0937,-0.1253,0.9877,0,0,3.9624,-0.2743,1]},
{"frame":85,"values":[0.9975,0.0542,0.0453,0,-0.0584,0.9938,0.0951,0,-0.0399,-0.0975,0.9944,0,0,3.9624,-0.2743,1]},
{"frame":86,"values":[0.9986,0.0373,-0.0378,0,-0.0348,0.9972,0.0658,0,0.0401,-0.0644,0.9971,0,0,3.9624,-0.2743,1]},
{"frame":87,"values":[0.9935,-0.0271,-0.1109,0,0.0345,0.9972,0.0656,0,0.1088,-0.069,0.9917,0,0,3.9624,-0.2743,1]},
{"frame":101,"values":[1,0,0,0,0,0.9991,-0.0414,0,0,0.0414,0.9991,0,0,3.9624,-0.2743,1]},
{"frame":102,"values":[1,0,0,0,0,0.9991,-0.0414,0,0,0.0414,0.9991,0,0,3.9624,-0.2743,1]}]}},
{"name":"mixamorig:Spine1","index":2,"matrix":[1,0,0,0,0,1,0,0,0,0,1,0,0,14.1234,0.2644,1],"rest":[1,0,0,0,0,1,0,0,0,0,1,0,0,14.1233,0.2644,1],"parentBoneIndex":1,"length":11.405
,"animation":
{"name":"anim","property":"_matrix","dataType":3,"framePerSecond":30,"loopBehavior":1,"keys":[
{"frame":1,"values":[0.9862,-0.0136,-0.1651,0,0.0465,0.9793,0.1971,0,0.159,-0.2021,0.9664,0,0,14.1233,0.2644,1]},
{"frame":2,"values":[0.9879,-0.0155,-0.1544,0,0.0462,0.9792,0.1977,0,0.1481,-0.2024,0.968,0,0,14.1233,0.2644,1]},
{"frame":3,"values":[0.9903,-0.0162,-0.1379,0,0.0442,0.9782,0.2029,0,0.1316,-0.207,0.9695,0,0,14.1233,0.2644,1]},
{"frame":4,"values":[0.9921,-0.0149,-0.1249,0,0.0409,0.9771,0.2088,0,0.1189,-0.2123,0.9699,0,0,14.1234,0.2644,1]},
{"frame":5,"values":[0.9937,-0.0094,-0.1119,0,0.0339,0.9751,0.2192,0,0.1071,-0.2216,0.9692,0,0,14.1233,0.2644,1]},
{"frame":6,"values":[0.9955,-0.0031,-0.0943,0,0.0252,0.972,0.2338,0,0.0909,-0.2351,0.9677,0,0,14.1233,0.2644,1]},
{"frame":7,"values":[0.9978,-0.0004,-0.0667,0,0.0171,0.9679,0.2509,0,0.0644,-0.2515,0.9657,0,0,14.1233,0.2644,1]},
{"frame":8,"values":[0.9993,0.0007,-0.0369,0,0.0095,0.9613,0.2752,0,0.0357,-0.2753,0.9607,0,0,14.1233,0.2644,1]},
{"frame":9,"values":[0.9998,-0.0007,-0.0207,0,0.0068,0.9554,0.2952,0,0.0196,-0.2953,0.9552,0,0,14.1233,0.2644,1]},
{"frame":10,"values":[0.9999,-0.0018,-0.0138,0,0.0059,0.9521,0.3058,0,0.0125,-0.3058,0.952,0,0,14.1233,0.2644,1]},
{"frame":11,"values":[1,0.0039,-0.008,0,-0.0012,0.9493,0.3142,0,0.0088,-0.3142,0.9493,0,0,14.1233,0.2644,1]},
{"frame":12,"values":[0.9998,0.009,-0.016,0,-0.0036,0.9523,0.3052,0,0.018,-0.3051,0.9522,0,0,14.1233,0.2644,1]},
{"frame":13,"values":[0.9997,0.0081,-0.0227,0,-0.0015,0.9609,0.277,0,0.024,-0.2769,0.9606,0,0,14.1233,0.2644,1]},
{"frame":14,"values":[0.9997,0.0088,-0.0244,0,-0.0022,0.9666,0.2562,0,0.0259,-0.256,0.9663,0,0,14.1233,0.2644,1]},
{"frame":15,"values":[0.9992,0.0033,-0.0398,0,0.0065,0.9699,0.2436,0,0.0394,-0.2437,0.9691,0,0,14.1233,0.2644,1]},
{"frame":16,"values":[0.9982,-0.0101,-0.0588,0,0.0224,0.9769,0.2124,0,0.0553,-0.2133,0.9754,0,0,14.1233,0.2644,1]},
{"frame":17,"values":[0.9972,-0.0243,-0.0712,0,0.0366,0.9835,0.177,0,0.0657,-0.1791,0.9816,0,0,14.1233,0.2644,1]},
{"frame":18,"values":[0.9962,-0.0352,-0.0794,0,0.0487,0.9834,0.1748,0,0.072,-0.178,0.9814,0,0,14.1233,0.2644,1]},
{"frame":19,"values":[0.9954,-0.0472,-0.0832,0,0.0626,0.9791,0.1935,0,0.0723,-0.1978,0.9776,0,0,14.1233,0.2644,1]},
{"frame":20,"values":[0.9952,-0.0569,-0.0798,0,0.073,0.9734,0.217,0,0.0653,-0.2218,0.9729,0,0,14.1233,0.2644,1]},
{"frame":21,"values":[0.9949,-0.074,-0.0689,0,0.089,0.9642,0.2499,0,0.048,-0.2548,0.9658,0,0,14.1233,0.2644,1]},
{"frame":22,"values":[0.9944,-0.091,-0.053,0,0.1027,0.9497,0.2957,0,0.0234,-0.2995,0.9538,0,0,14.1233,0.2644,1]},
{"frame":23,"values":[0.9933,-0.1067,-0.0446,0,0.1156,0.9256,0.3604,0,0.0028,-0.3632,0.9317,0,0,14.1233,0.2644,1]},
{"frame":24,"values":[0.992,-0.1181,-0.0441,0,0.1256,0.8952,0.4275,0,-0.011,-0.4296,0.9029,0,0,14.1234,0.2644,1]},
{"frame":25,"values":[0.992,-0.1191,-0.0419,0,0.1246,0.8706,0.4759,0,-0.0202,-0.4773,0.8785,0,0,14.1233,0.2644,1]},
{"frame":26,"values":[0.9931,-0.1122,-0.0336,0,0.1142,0.863,0.4921,0,-0.0262,-0.4926,0.8699,0,0,14.1233,0.2644,1]},
{"frame":27,"values":[0.9947,-0.0998,-0.0235,0,0.0988,0.8718,0.4797,0,-0.0274,-0.4795,0.8771,0,0,14.1233,0.2644,1]},
{"frame":28,"values":[0.9964,-0.0843,-0.012,0,0.0807,0.8909,0.4469,0,-0.027,-0.4463,0.8945,0,0,14.1234,0.2644,1]},
{"frame":29,"values":[0.9976,-0.069,0.0038,0,0.0619,0.9156,0.3973,0,-0.0309,-0.3961,0.9177,0,0,14.1233,0.2644,1]},
{"frame":30,"values":[0.9984,-0.0542,0.0186,0,0.0449,0.9413,0.3346,0,-0.0357,-0.3332,0.9422,0,0,14.1234,0.2644,1]},
{"frame":31,"values":[0.999,-0.0401,0.0199,0,0.0332,0.962,0.271,0,-0.03,-0.2701,0.9624,0,0,14.1233,0.2644,1]},
{"frame":32,"values":[0.9995,-0.029,0.0135,0,0.0252,0.9744,0.2235,0,-0.0196,-0.223,0.9746,0,0,14.1233,0.2644,1]},
{"frame":33,"values":[0.9998,-0.0196,0.0065,0,0.018,0.9816,0.1898,0,-0.0101,-0.1897,0.9818,0,0,14.1233,0.2644,1]},
{"frame":34,"values":[0.9999,-0.0148,0.0027,0,0.0141,0.983,0.1829,0,-0.0054,-0.1828,0.9831,0,0,14.1233,0.2644,1]},
{"frame":35,"values":[0.9999,-0.0127,-0.0036,0,0.0132,0.9797,0.1998,0,0.0009,-0.1999,0.9798,0,0,14.1233,0.2644,1]},
{"frame":36,"values":[0.9998,-0.0119,-0.0179,0,0.0158,0.9715,0.2363,0,0.0146,-0.2366,0.9715,0,0,14.1233,0.2644,1]},
{"frame":37,"values":[0.9998,-0.0073,-0.021,0,0.0129,0.9604,0.2782,0,0.0181,-0.2784,0.9603,0,0,14.1233,0.2644,1]},
{"frame":38,"values":[0.9997,0.0097,-0.0225,0,-0.0018,0.9456,0.3253,0,0.0244,-0.3252,0.9453,0,0,14.1233,0.2644,1]},
{"frame":39,"values":[0.9992,0.0303,-0.0244,0,-0.0191,0.9284,0.3712,0,0.0339,-0.3704,0.9282,0,0,14.1233,0.2644,1]},
{"frame":40,"values":[0.9985,0.0497,-0.0232,0,-0.0362,0.9143,0.4033,0,0.0412,-0.4019,0.9148,0,0,14.1233,0.2644,1]},
{"frame":41,"values":[0.9972,0.0698,-0.0251,0,-0.0523,0.9018,0.429,0,0.0525,-0.4265,0.903,0,0,14.1233,0.2644,1]},
{"frame":42,"values":[0.996,0.0839,-0.0312,0,-0.0613,0.8928,0.4463,0,0.0653,-0.4426,0.8943,0,0,14.1233,0.2644,1]},
{"frame":43,"values":[0.9951,0.0907,-0.0383,0,-0.0645,0.8944,0.4425,0,0.0744,-0.4379,0.8959,0,0,14.1233,0.2644,1]},
{"frame":44,"values":[0.9944,0.0942,-0.0488,0,-0.0648,0.9033,0.424,0,0.0841,-0.4185,0.9043,0,0,14.1234,0.2644,1]},
{"frame":45,"values":[0.9941,0.0883,-0.0622,0,-0.0563,0.9151,0.3993,0,0.0922,-0.3935,0.9147,0,0,14.1233,0.2644,1]},
{"frame":46,"values":[0.9941,0.0774,-0.076,0,-0.044,0.9281,0.3698,0,0.0991,-0.3643,0.926,0,0,14.1233,0.2644,1]},
{"frame":47,"values":[0.9936,0.0672,-0.0909,0,-0.0324,0.9396,0.3407,0,0.1083,-0.3355,0.9358,0,0,14.1233,0.2644,1]},
{"frame":48,"values":[0.9926,0.056,-0.1076,0,-0.0193,0.9487,0.3156,0,0.1198,-0.3112,0.9428,0,0,14.1233,0.2644,1]},
{"frame":49,"values":[0.9913,0.0441,-0.1238,0,-0.0062,0.9567,0.2909,0,0.1313,-0.2876,0.9487,0,0,14.1233,0.2644,1]},
{"frame":50,"values":[0.9901,0.032,-0.1369,0,0.0053,0.9645,0.2641,0,0.1405,-0.2622,0.9547,0,0,14.1233,0.2644,1]},
{"frame":51,"values":[0.9888,0.0196,-0.148,0,0.0165,0.9709,0.2391,0,0.1484,-0.2388,0.9597,0,0,14.1233,0.2644,1]},
{"frame":52,"values":[0.9877,0.0094,-0.1561,0,0.0259,0.9745,0.2229,0,0.1542,-0.2242,0.9623,0,0,14.1234,0.2644,1]},
{"frame":53,"values":[0.987,0.0021,-0.1605,0,0.0328,0.9762,0.2144,0,0.1571,-0.2169,0.9635,0,0,14.1233,0.2644,1]},
{"frame":54,"values":[0.9867,-0.0035,-0.1627,0,0.038,0.977,0.2096,0,0.1583,-0.213,0.9642,0,0,14.1233,0.2644,1]},
{"frame":55,"values":[0.9864,-0.0081,-0.1642,0,0.0422,0.9779,0.2048,0,0.1589,-0.209,0.9649,0,0,14.1233,0.2644,1]},
{"frame":56,"values":[0.9862,-0.0116,-0.1652,0,0.0451,0.9786,0.2008,0,0.1593,-0.2054,0.9656,0,0,14.1233,0.2644,1]},
{"frame":57,"values":[0.9861,-0.0134,-0.1656,0,0.0466,0.979,0.1984,0,0.1594,-0.2034,0.966,0,0,14.1233,0.2644,1]},
{"frame":58,"values":[0.9862,-0.0136,-0.1651,0,0.0466,0.9793,0.1971,0,0.159,-0.2021,0.9664,0,0,14.1233,0.2644,1]},
{"frame":71,"values":[0.9989,0.0039,-0.0459,0,-0.0006,0.9975,0.0701,0,0.0461,-0.07,0.9965,0,0,14.1233,0.2644,1]},
{"frame":72,"values":[0.9976,-0.0151,-0.0683,0,0.0196,0.9976,0.0665,0,0.0671,-0.0676,0.9955,0,0,14.1234,0.2644,1]},
{"frame":73,"values":[0.9964,-0.0303,-0.0791,0,0.0363,0.9964,0.0763,0,0.0765,-0.0789,0.9939,0,0,14.1233,0.2644,1]},
{"frame":74,"values":[0.9965,-0.0325,-0.0768,0,0.0379,0.9969,0.0693,0,0.0743,-0.0719,0.9946,0,0,14.1233,0.2644,1]},
{"frame":75,"values":[0.998,-0.0293,-0.0559,0,0.0327,0.9976,0.0606,0,0.054,-0.0623,0.9966,0,0,14.1233,0.2644,1]},
{"frame":76,"values":[0.9991,-0.0291,-0.0323,0,0.0311,0.9974,0.0647,0,0.0303,-0.0657,0.9974,0,0,14.1233,0.2644,1]},
{"frame":77,"values":[0.9994,-0.035,-0.0035,0,0.0352,0.9974,0.0634,0,0.0013,-0.0635,0.998,0,0,14.1233,0.2644,1]},
{"frame":78,"values":[0.9989,-0.0326,0.0328,0,0.0303,0.9974,0.0661,0,-0.0349,-0.065,0.9973,0,0,14.1233,0.2644,1]},
{"frame":79,"values":[0.998,-0.0139,0.0622,0,0.0088,0.9966,0.082,0,-0.0631,-0.0813,0.9947,0,0,14.1233,0.2644,1]},
{"frame":80,"values":[0.9972,0.0118,0.0741,0,-0.0186,0.9956,0.0918,0,-0.0727,-0.0929,0.993,0,0,14.1233,0.2644,1]},
{"frame":81,"values":[0.9962,0.0287,0.0828,0,-0.0363,0.9951,0.0916,0,-0.0797,-0.0943,0.9924,0,0,14.1234,0.2644,1]},
{"frame":82,"values":[0.9971,0.0287,0.071,0,-0.0343,0.9963,0.0787,0,-0.0685,-0.0809,0.9944,0,0,14.1233,0.2644,1]},
{"frame":83,"values":[0.9987,0.023,0.0446,0,-0.0265,0.9965,0.0798,0,-0.0426,-0.0808,0.9958,0,0,14.1233,0.2644,1]},
{"frame":84,"values":[0.999,0.0212,0.0404,0,-0.0245,0.9962,0.084,0,-0.0384,-0.0849,0.9956,0,0,14.1233,0.2644,1]},
{"frame":85,"values":[0.9992,0.0216,0.0343,0,-0.0241,0.9968,0.0764,0,-0.0326,-0.0771,0.9965,0,0,14.1233,0.2644,1]},
{"frame":86,"values":[0.9998,0.0193,-0.0101,0,-0.0186,0.9977,0.0656,0,0.0113,-0.0654,0.9978,0,0,14.1233,0.2644,1]},
{"frame":87,"values":[0.9989,0.0039,-0.0459,0,-0.0006,0.9975,0.0701,0,0.0461,-0.07,0.9965,0,0,14.1234,0.2644,1]},
{"frame":101,"values":[1,0,0,0,0,1,0,0,0,0,1,0,0,14.1234,0.2644,1]},
{"frame":102,"values":[1,0,0,0,0,1,0,0,0,0,1,0,0,14.1234,0.2644,1]}]}},
{"name":"mixamorig:Spine2","index":3,"matrix":[1,0,0,0,0,1,0,0,0,0,1,0,0,11.4045,0.1061,1],"rest":[1,0,0,0,0,1,0,0,0,0,1,0,0,11.4045,0.1061,1],"parentBoneIndex":2,"length":9.882
,"animation":
{"name":"anim","property":"_matrix","dataType":3,"framePerSecond":30,"loopBehavior":1,"keys":[
{"frame":1,"values":[0.9862,-0.0136,-0.1651,0,0.0465,0.9793,0.1971,0,0.159,-0.2021,0.9664,0,0,11.4045,0.1061,1]},
{"frame":2,"values":[0.9879,-0.0155,-0.1544,0,0.0462,0.9792,0.1977,0,0.1481,-0.2024,0.968,0,0,11.4045,0.1061,1]},
{"frame":3,"values":[0.9903,-0.0162,-0.1379,0,0.0442,0.9782,0.2029,0,0.1316,-0.207,0.9695,0,0,11.4045,0.1061,1]},
{"frame":4,"values":[0.9921,-0.0149,-0.1249,0,0.0409,0.9771,0.2088,0,0.1189,-0.2123,0.9699,0,0,11.4045,0.1061,1]},
{"frame":5,"values":[0.9937,-0.0094,-0.1119,0,0.0339,0.9751,0.2192,0,0.1071,-0.2216,0.9692,0,0,11.4045,0.1061,1]},
{"frame":6,"values":[0.9955,-0.0031,-0.0943,0,0.0252,0.972,0.2338,0,0.0909,-0.2351,0.9677,0,0,11.4045,0.1061,1]},
{"frame":7,"values":[0.9978,-0.0004,-0.0667,0,0.0171,0.9679,0.2509,0,0.0644,-0.2515,0.9657,0,0,11.4045,0.1061,1]},
{"frame":8,"values":[0.9993,0.0007,-0.0369,0,0.0095,0.9613,0.2752,0,0.0357,-0.2753,0.9607,0,0,11.4045,0.1061,1]},
{"frame":9,"values":[0.9998,-0.0007,-0.0207,0,0.0068,0.9554,0.2952,0,0.0196,-0.2953,0.9552,0,0,11.4045,0.1061,1]},
{"frame":10,"values":[0.9999,-0.0018,-0.0138,0,0.0059,0.9521,0.3058,0,0.0125,-0.3058,0.952,0,0,11.4045,0.1061,1]},
{"frame":11,"values":[1,0.0039,-0.008,0,-0.0012,0.9493,0.3142,0,0.0088,-0.3142,0.9493,0,0,11.4045,0.1061,1]},
{"frame":12,"values":[0.9998,0.009,-0.016,0,-0.0036,0.9523,0.3052,0,0.018,-0.3051,0.9522,0,0,11.4045,0.1061,1]},
{"frame":13,"values":[0.9997,0.0081,-0.0227,0,-0.0015,0.9609,0.277,0,0.024,-0.2769,0.9606,0,0,11.4045,0.1061,1]},
{"frame":14,"values":[0.9997,0.0088,-0.0244,0,-0.0022,0.9666,0.2562,0,0.0259,-0.256,0.9663,0,0,11.4045,0.1061,1]},
{"frame":15,"values":[0.9992,0.0033,-0.0398,0,0.0065,0.9699,0.2436,0,0.0394,-0.2437,0.9691,0,0,11.4045,0.1061,1]},
{"frame":16,"values":[0.9982,-0.0101,-0.0588,0,0.0224,0.9769,0.2124,0,0.0553,-0.2133,0.9754,0,0,11.4045,0.1061,1]},
{"frame":17,"values":[0.9972,-0.0243,-0.0712,0,0.0366,0.9835,0.177,0,0.0657,-0.1791,0.9816,0,0,11.4045,0.1061,1]},
{"frame":18,"values":[0.9962,-0.0352,-0.0794,0,0.0487,0.9834,0.1748,0,0.072,-0.178,0.9814,0,0,11.4045,0.1061,1]},
{"frame":19,"values":[0.9954,-0.0472,-0.0832,0,0.0626,0.9791,0.1935,0,0.0723,-0.1978,0.9776,0,0,11.4045,0.1061,1]},
{"frame":20,"values":[0.9952,-0.0569,-0.0798,0,0.073,0.9734,0.217,0,0.0653,-0.2218,0.9729,0,0,11.4045,0.1061,1]},
{"frame":21,"values":[0.9949,-0.074,-0.0689,0,0.089,0.9642,0.2499,0,0.048,-0.2548,0.9658,0,0,11.4045,0.1061,1]},
{"frame":22,"values":[0.9944,-0.091,-0.053,0,0.1027,0.9497,0.2957,0,0.0234,-0.2995,0.9538,0,0,11.4045,0.1061,1]},
{"frame":23,"values":[0.9933,-0.1067,-0.0446,0,0.1156,0.9256,0.3604,0,0.0028,-0.3632,0.9317,0,0,11.4045,0.1061,1]},
{"frame":24,"values":[0.992,-0.1181,-0.0441,0,0.1256,0.8952,0.4275,0,-0.011,-0.4296,0.9029,0,0,11.4045,0.1061,1]},
{"frame":25,"values":[0.992,-0.1191,-0.0419,0,0.1246,0.8706,0.4759,0,-0.0202,-0.4773,0.8785,0,0,11.4045,0.1061,1]},
{"frame":26,"values":[0.9931,-0.1122,-0.0336,0,0.1142,0.863,0.4921,0,-0.0262,-0.4926,0.8699,0,0,11.4045,0.1061,1]},
{"frame":27,"values":[0.9947,-0.0998,-0.0235,0,0.0988,0.8718,0.4797,0,-0.0274,-0.4795,0.8771,0,0,11.4045,0.1061,1]},
{"frame":28,"values":[0.9964,-0.0843,-0.012,0,0.0807,0.8909,0.4469,0,-0.027,-0.4463,0.8945,0,0,11.4045,0.1061,1]},
{"frame":29,"values":[0.9976,-0.069,0.0038,0,0.0619,0.9156,0.3973,0,-0.0309,-0.3961,0.9177,0,0,11.4045,0.1061,1]},
{"frame":30,"values":[0.9984,-0.0542,0.0186,0,0.0449,0.9413,0.3346,0,-0.0357,-0.3332,0.9422,0,0,11.4045,0.1061,1]},
{"frame":31,"values":[0.999,-0.0401,0.0199,0,0.0332,0.962,0.271,0,-0.03,-0.2701,0.9624,0,0,11.4045,0.1061,1]},
{"frame":32,"values":[0.9995,-0.029,0.0135,0,0.0252,0.9744,0.2235,0,-0.0196,-0.223,0.9746,0,0,11.4045,0.1061,1]},
{"frame":33,"values":[0.9998,-0.0196,0.0065,0,0.018,0.9816,0.1898,0,-0.0101,-0.1897,0.9818,0,0,11.4045,0.1061,1]},
{"frame":34,"values":[0.9999,-0.0148,0.0027,0,0.0141,0.983,0.1829,0,-0.0054,-0.1828,0.9831,0,0,11.4045,0.1061,1]},
{"frame":35,"values":[0.9999,-0.0127,-0.0036,0,0.0132,0.9797,0.1998,0,0.0009,-0.1999,0.9798,0,0,11.4045,0.1061,1]},
{"frame":36,"values":[0.9998,-0.0119,-0.0179,0,0.0158,0.9715,0.2363,0,0.0146,-0.2366,0.9715,0,0,11.4045,0.1061,1]},
{"frame":37,"values":[0.9998,-0.0073,-0.021,0,0.0129,0.9604,0.2782,0,0.0181,-0.2784,0.9603,0,0,11.4045,0.1061,1]},
{"frame":38,"values":[0.9997,0.0097,-0.0225,0,-0.0018,0.9456,0.3253,0,0.0244,-0.3252,0.9453,0,0,11.4045,0.1061,1]},
{"frame":39,"values":[0.9992,0.0303,-0.0244,0,-0.0191,0.9284,0.3712,0,0.0339,-0.3704,0.9282,0,0,11.4045,0.1061,1]},
{"frame":40,"values":[0.9985,0.0497,-0.0232,0,-0.0362,0.9143,0.4033,0,0.0412,-0.4019,0.9148,0,0,11.4045,0.1061,1]},
{"frame":41,"values":[0.9972,0.0698,-0.0251,0,-0.0523,0.9018,0.429,0,0.0525,-0.4265,0.903,0,0,11.4045,0.1061,1]},
{"frame":42,"values":[0.996,0.0839,-0.0312,0,-0.0613,0.8928,0.4463,0,0.0653,-0.4426,0.8943,0,0,11.4045,0.1061,1]},
{"frame":43,"values":[0.9951,0.0907,-0.0383,0,-0.0645,0.8944,0.4425,0,0.0744,-0.4379,0.8959,0,0,11.4045,0.1061,1]},
{"frame":44,"values":[0.9944,0.0942,-0.0488,0,-0.0648,0.9033,0.424,0,0.0841,-0.4185,0.9043,0,0,11.4045,0.1061,1]},
{"frame":45,"values":[0.9941,0.0883,-0.0622,0,-0.0563,0.9151,0.3993,0,0.0922,-0.3935,0.9147,0,0,11.4045,0.1061,1]},
{"frame":46,"values":[0.9941,0.0774,-0.076,0,-0.044,0.9281,0.3698,0,0.0991,-0.3643,0.926,0,0,11.4045,0.1061,1]},
{"frame":47,"values":[0.9936,0.0672,-0.0909,0,-0.0324,0.9396,0.3407,0,0.1083,-0.3355,0.9358,0,0,11.4045,0.1061,1]},
{"frame":48,"values":[0.9926,0.056,-0.1076,0,-0.0193,0.9487,0.3156,0,0.1198,-0.3112,0.9428,0,0,11.4045,0.1061,1]},
{"frame":49,"values":[0.9913,0.0441,-0.1238,0,-0.0062,0.9567,0.2909,0,0.1313,-0.2876,0.9487,0,0,11.4045,0.1061,1]},
{"frame":50,"values":[0.9901,0.032,-0.1369,0,0.0053,0.9645,0.2641,0,0.1405,-0.2622,0.9547,0,0,11.4045,0.1061,1]},
{"frame":51,"values":[0.9888,0.0196,-0.148,0,0.0165,0.9709,0.2391,0,0.1484,-0.2388,0.9597,0,0,11.4045,0.1061,1]},
{"frame":52,"values":[0.9877,0.0094,-0.1561,0,0.0259,0.9745,0.2229,0,0.1542,-0.2242,0.9623,0,0,11.4045,0.1061,1]},
{"frame":53,"values":[0.987,0.0021,-0.1605,0,0.0328,0.9762,0.2144,0,0.1571,-0.2169,0.9635,0,0,11.4045,0.1061,1]},
{"frame":54,"values":[0.9867,-0.0035,-0.1627,0,0.038,0.977,0.2096,0,0.1583,-0.213,0.9642,0,0,11.4045,0.1061,1]},
{"frame":55,"values":[0.9864,-0.0081,-0.1642,0,0.0422,0.9779,0.2048,0,0.1589,-0.209,0.9649,0,0,11.4045,0.1061,1]},
{"frame":56,"values":[0.9862,-0.0116,-0.1652,0,0.0451,0.9786,0.2008,0,0.1593,-0.2054,0.9656,0,0,11.4045,0.1061,1]},
{"frame":57,"values":[0.9861,-0.0134,-0.1656,0,0.0466,0.979,0.1984,0,0.1594,-0.2034,0.966,0,0,11.4045,0.1061,1]},
{"frame":58,"values":[0.9862,-0.0136,-0.1651,0,0.0466,0.9793,0.1971,0,0.159,-0.2021,0.9664,0,0,11.4045,0.1061,1]},
{"frame":71,"values":[0.9989,0.0061,-0.0456,0,-0.0028,0.9975,0.0702,0,0.0459,-0.07,0.9965,0,0,11.4045,0.1061,1]},
{"frame":72,"values":[0.9976,-0.0107,-0.0679,0,0.0153,0.9976,0.0673,0,0.067,-0.0682,0.9954,0,0,11.4045,0.1061,1]},
{"frame":73,"values":[0.9965,-0.0239,-0.0798,0,0.0301,0.9965,0.0776,0,0.0777,-0.0797,0.9938,0,0,11.4045,0.1061,1]},
{"frame":74,"values":[0.9965,-0.0279,-0.0783,0,0.0334,0.997,0.0696,0,0.0762,-0.0719,0.9945,0,0,11.4045,0.1061,1]},
{"frame":75,"values":[0.998,-0.0273,-0.0569,0,0.0307,0.9977,0.0606,0,0.0551,-0.0622,0.9965,0,0,11.4045,0.1061,1]},
{"frame":76,"values":[0.9991,-0.028,-0.0333,0,0.0301,0.9974,0.0647,0,0.0314,-0.0657,0.9973,0,0,11.4045,0.1061,1]},
{"frame":77,"values":[0.9994,-0.0346,-0.0051,0,0.0349,0.9974,0.0636,0,0.0028,-0.0638,0.998,0,0,11.4045,0.1061,1]},
{"frame":78,"values":[0.999,-0.0334,0.0307,0,0.0313,0.9973,0.0668,0,-0.0329,-0.0658,0.9973,0,0,11.4045,0.1061,1]},
{"frame":79,"values":[0.998,-0.0163,0.0605,0,0.0113,0.9965,0.0831,0,-0.0616,-0.0822,0.9947,0,0,11.4045,0.1061,1]},
{"frame":80,"values":[0.9972,0.0067,0.0742,0,-0.0136,0.9956,0.0929,0,-0.0732,-0.0936,0.9929,0,0,11.4045,0.1061,1]},
{"frame":81,"values":[0.9961,0.0215,0.0852,0,-0.0293,0.9953,0.0922,0,-0.0828,-0.0944,0.9921,0,0,11.4045,0.1061,1]},
{"frame":82,"values":[0.997,0.0233,0.0733,0,-0.0291,0.9964,0.0791,0,-0.0711,-0.081,0.9942,0,0,11.4045,0.1061,1]},
{"frame":83,"values":[0.9988,0.0198,0.0452,0,-0.0234,0.9965,0.0807,0,-0.0434,-0.0816,0.9957,0,0,11.4045,0.1061,1]},
{"frame":84,"values":[0.999,0.0197,0.0401,0,-0.0231,0.9961,0.0847,0,-0.0382,-0.0855,0.9956,0,0,11.4045,0.1061,1]},
{"frame":85,"values":[0.9992,0.0215,0.0341,0,-0.024,0.9968,0.0765,0,-0.0324,-0.0772,0.9965,0,0,11.4045,0.1062,1]},
{"frame":86,"values":[0.9998,0.0198,-0.01,0,-0.0191,0.9977,0.0655,0,0.0113,-0.0653,0.9978,0,0,11.4045,0.1061,1]},
{"frame":87,"values":[0.9989,0.0061,-0.0456,0,-0.0028,0.9975,0.0702,0,0.0459,-0.07,0.9965,0,0,11.4045,0.1061,1]},
{"frame":101,"values":[1,0,0,0,0,1,0,0,0,0,1,0,0,11.4045,0.1061,1]},
{"frame":102,"values":[1,0,0,0,0,1,0,0,0,0,1,0,0,11.4045,0.1061,1]}]}},
{"name":"mixamorig:Neck","index":4,"matrix":[1,0,0,0,0,0.9991,0.0414,0,0,-0.0414,0.9991,0,0,9.9467,0,1],"rest":[1,0,0,0,0,0.9991,0.0414,0,0,-0.0414,0.9991,0,0,9.9467,0,1],"parentBoneIndex":3,"length":8.5799
,"animation":
{"name":"anim","property":"_matrix","dataType":3,"framePerSecond":30,"loopBehavior":1,"keys":[
{"frame":1,"values":[0.9997,0.0042,0.0223,0,-0.0034,0.9994,-0.0338,0,-0.0224,0.0337,0.9992,0,0,9.9467,0,1]},
{"frame":2,"values":[0.9999,0.0071,0.0128,0,-0.0066,0.999,-0.0444,0,-0.0131,0.0444,0.9989,0,0,9.9467,0,1]},
{"frame":3,"values":[0.9999,0.0089,-0.0055,0,-0.0093,0.9972,-0.0741,0,0.0049,0.0742,0.9972,0,0,9.9467,0,1]},
{"frame":4,"values":[0.9994,0.0051,-0.0334,0,-0.0089,0.9933,-0.1156,0,0.0326,0.1158,0.9927,0,0,9.9467,0,1]},
{"frame":5,"values":[0.9977,-0.0078,-0.0676,0,-0.0028,0.9879,-0.155,0,0.068,0.1548,0.9856,0,0,9.9467,0,1]},
{"frame":6,"values":[0.9945,-0.0309,-0.1004,0,0.0125,0.9838,-0.1789,0,0.1043,0.1766,0.9787,0,0,9.9467,0,1]},
{"frame":7,"values":[0.9904,-0.0609,-0.1237,0,0.0378,0.9826,-0.1816,0,0.1326,0.1752,0.9756,0,0,9.9467,0,1]},
{"frame":8,"values":[0.9874,-0.085,-0.1332,0,0.0618,0.9836,-0.1697,0,0.1455,0.1593,0.9765,0,0,9.9467,0,1]},
{"frame":9,"values":[0.9874,-0.09,-0.1303,0,0.0689,0.985,-0.158,0,0.1426,0.147,0.9788,0,0,9.9467,0,1]},
{"frame":10,"values":[0.9896,-0.0768,-0.1216,0,0.0569,0.9855,-0.1596,0,0.1321,0.1511,0.9797,0,0,9.9467,0,1]},
{"frame":11,"values":[0.9918,-0.0566,-0.1144,0,0.0358,0.9837,-0.176,0,0.1225,0.1705,0.9777,0,0,9.9467,0,1]},
{"frame":12,"values":[0.9932,-0.0342,-0.1112,0,0.0121,0.981,-0.1934,0,0.1157,0.1907,0.9748,0,0,9.9467,0,1]},
{"frame":13,"values":[0.9941,-0.0071,-0.1084,0,-0.0138,0.9815,-0.1911,0,0.1078,0.1915,0.9756,0,0,9.9467,0,1]},
{"frame":14,"values":[0.9947,0.0257,-0.0993,0,-0.0406,0.9877,-0.1512,0,0.0942,0.1545,0.9835,0,0,9.9467,0,1]},
{"frame":15,"values":[0.9948,0.0637,-0.0789,0,-0.0689,0.9954,-0.0659,0,0.0743,0.071,0.9947,0,0,9.9467,0,1]},
{"frame":16,"values":[0.9937,0.1003,-0.0493,0,-0.098,0.9941,0.0455,0,0.0536,-0.0403,0.9977,0,0,9.9467,0,1]},
{"frame":17,"values":[0.9926,0.1188,-0.0237,0,-0.1144,0.9834,0.1407,0,0.04,-0.1369,0.9898,0,0,9.9467,0,1]},
{"frame":18,"values":[0.9939,0.109,-0.0175,0,-0.1032,0.9737,0.2032,0,0.0392,-0.2001,0.979,0,0,9.9467,0,1]},
{"frame":19,"values":[0.9964,0.0782,-0.0321,0,-0.0675,0.9644,0.2558,0,0.051,-0.2528,0.9662,0,0,9.9467,0,1]},
{"frame":20,"values":[0.9975,0.0414,-0.0574,0,-0.0217,0.9511,0.3081,0,0.0673,-0.3061,0.9496,0,0,9.9467,0,1]},
{"frame":21,"values":[0.9969,0.0079,-0.0779,0,0.0182,0.9444,0.3284,0,0.0762,-0.3288,0.9413,0,0,9.9467,0,1]},
